1 1 4 1 1
2 1 2 1 1
2 1 1 2 1
36 2 1 2 1
1 4 9 2 3
1 1 1 1 1
1 1 2 1 1
1 1 1 1 2
1 2 1 1 1
1 1 3 1 1
1 1 1 2 1
1 1 1 1 2
3 1 1 1 130
1 1 2 1 1
1 2 3 12 1
104 1 1 1 1
7 2 1 1 1
1 2 1 1 1
1 5 3 1 1
1 1 1 1 1
1 1 1 1 1
1 1 1 1 1
1 1 3 1 1
1 1 1 1 2
1 1 13 1 5
1 1 1 1 2
1 1 1 1 1
1 1 20 2 3
1 1 1 1 1
102 1 8 1 1
1 1 1 1 2
1 1 1 1 2
1 1 1 1 2
1 1 1 1 1
1 2 1 2 1
1 1 1 1 2
1 1 1 1 1
1 2 1 2 2
1 1 1 1 1
1 1 1 1 2
1 1 1 1 3
1 4 1 1 1
2 1 1 1 1
1 1 1 1 1
1 1 1 1 1
1 1 1 1 2
1 1 1 1 3
1 2 1 2 9
4 1 1 1 9
1 1 2 3 1
3 1 1 1 1
10 1 1 1 1
1 1 1 1 1
1 1 3 1 1
14 1 1 3 3
2 1 1 58 1
1 1 1 1 1
1 7 1 1 1
1 4 4 1 1
4 1 2 1 1
6 1 1 1 1
1 2 1 1 1
1 1 2 1 1
1 2 4 11 1
1 2 1 1 1
2 4 1 2 2
4 8 1 1 5
3 1 1 1 1
1 1 9 1 3
1 2 1 1 4
3 3 13 1 1
1 1 1 1 1
1 1 1 1 1
1 2 1 1 2
1 1 1 1 1
1 3 3 3 1
2 1 2 1 3
1 2 2 1 1
2 3 1 1 1
2 1 1 3 1
1 3 3 3 18
1 1 1 1 1
2 1 1 1 1
1 2 2 1 5
1 2 6 1 1
1 1 2 1 1
1 1 1 1 1
1 1 1 1 1
2 1 1 1 1
1 1 1 1 1
1 1 1 1 1
1 2 1 3 1
1 1 1 15 1
1 1 3 1 2
2 1 3 2 1
2 1 2 1 4
1 1 4 2 1
2 1 65 1 1
9 1 2 1 3
1 3 1 1 2
1 1 1 1 1
2 1 1 1 1
1 1 1 1 1
1 3 1 1 2
2 1 1 4 1
1 1 1 5 1
2 1 1 1 2
1 1 1 2 2
1 1 1 3 1
3 22 1 1 3
3 1 2 3 1
1 1 1 1 2
1 1 1 1 1
1 1 1 1 2
1 7 3 1 1
1 179 2 9 1
1 1 2 1 1
4 1 1 1 2
1 1 2 1 4
1 1 1 2 10
1 1 1 4 1
1 1 1 1 1
1 1 1 3 2
1 1 1 1 1
1 1 1 1 1
4 2 1 1 1
1 1 1 1 2
1 1 1 1 31
1 10 1 1 1
1 3 2 1 1
1 2 1 1 1
2 1 2 2 1
17 2 1 1 1
5 1 2 1 1
3 1 1 1 1
146 1 1 1 1
1 1 1 1 1
1 1 1 1 3
4 5 1 1 1
5 1 30 1 4
1 3 1 1 1
3 1 1 20 1
2 1 3 1 1
3 1 2 3 1
1 1 1 1 2
1 213 1 1 2
2 2 1 1 1
1 2 1 1 2
1 1 8 2 1
3 12 1 1 4
1 3 2 2 2
1 1 1 77 1
3 1 4 1 1
3 3 2 1 1
1 1 2 2 1
1 3 2 1 1
1 1 4 1 7
4 1 1 2 1
1 1 5 1 1
2 1 1 2 1
1 1 1 1 1
1 2 11 1 3
1 1 1 1 2
3 1 1 1 5
1 12 1 1 1
3 1 1 1 1
1 1 1 1 2
4 1 1 2 1
1 1 1 2 1
1 2 1 2 5
1 3 2 1 1
2 6 2 1 5
1 1 1 1 1
1 4 1 1 2
1 1 2 1 1
4 1 1 1 1
2 5 3 1 1
1 1 1 2 37
1 1 1 1 1
1 1 4 1 1
1 4 3 1 1
3 1 1 1 1
1 1 1 1 1
1 2 1 2 18
4 1 4 1 3
1 4 1 2 4
1 1 2 1 1
2 1 1 2 16
4 1 1 1 2
10 2 1 1 1
1 1 1 1 1
1 2 3 1 12
3 1 1 5 4
1 2 1 1 1
1 1 1 2 1
1 1 3 2 3
1 1 6 1 2
7 1 1 1 3
2 1 1 1 1
1 4 1 2 2
3 1 7 1 1
1 1 2 1 1
4 2 3 2 1
1 2 1 7 2
1 1 16 1 1
1 4 1 2 1
2 1 2 1 1
1 1 5 1 1
2 1 1 1 1
1 1 1 1 1
1 2 1 1 3
1 2 2 1 1
1 1 1 1 7
2 5 2 1 4
1 3 1 1 2
4 1 1 1 1
3 1 2 1 1
1 1 1 2 1
1 2 1 2 4
2 1 1 1 1
1 1 1 1 1
4 1 1 2 1
1 1 1 15 1
5 2 1 1 1
1 1 3 1 1
1 1 1 1 1
1 1 1 1 1
1 1 1 1 1
3 1 1 1 1
1 1 1 1 1
8 4 1 1 3
3 2 2 1 4
1 1 12 1 2
1 1 1 1 1
1 7 1 2 1
33 11 1 1 13
1 1 1 3 1
1 1 8 2 8
1 1 4 2 1
1 20 1 1 1
2 1 1 2 2
2 1 3 1 1
1 6 1 1 1
1 1 1 1 1
1 1 1 5 1
3 1 2 1 1
1 1 2 2 1
2 1 2 1 1
1 1 2 1 1
5 1 3 1 5
1 1 1 2 9
1 5 7 9 1
1 2 1 2 1
1 1 1 1 1
1 5 1 1 1
3 2 1 1 1
1 3 1 1 1
1 13 1 1 1
1 1 3 2 1
2 3 2 1 1
1 13 3 3 3
1 1 1 1 1
2 4 12 2 1
12 1 3 1 3
3 1 1 1 1
1 1 1 1 2
1 2 3 1 1
2 1 1
