217 259 286 203 89
554 42 403 426 750
199 714 75 18 441
243 597 430 561 706
575 397 617 413 375
296 698 690 604 324
292 753 140 513 492
275 401 19 481 150
537 549 530 10 107
370 196 762 264 292
599 465 247 573 75
561 583 284 578 254
511 295 195 30 254
557 510 661 344 507
419 201 723 516 58
285 86 32 706 720
271 747 435 77 446
437 423 307 444 16
519 100 509 401 687
636 726 376 199 374
401 28 286 173 488
124 765 303 410 167
205 590 504 477 320
443 449 447 292 737
131 321 449 20 473
585 386 767 361 736
544 67 579 7 62
537 549 343 633 221
582 480 154 448 746
379 357 418 242 494
637 133 611 385 339
279 310 644 565 28
233 687 352 719 536
475 73 538 447 274
552 112 623 406 665
168 75 625 202 756
390 581 233 607 749
396 139 278 342 62
90 160 498 156 62
201 151 318 317 766
726 297 75 59 304
388 577 401 454 525
151 351 432 742 717
59 304 39 133 666
634 254 563 231 79
254 491 718 596 397
56 4 662 188 34
642 694 392 484 170
513 35 335 687 550
77 254 53 313 181
200 563 678 342 420
330 104 161 715 71
414 226 207 673 361
573 625 356 251 363
672 696 189 327 476
72 642 564 539 603
512 461 547 54 531
323 209 51 758 718
271 692 570 225 439
361 739 23 647 603
290 252 14 485 423
715 8 401 4 668
348 718 533 165 574
97 52 229 136 384
401 759 160 256 69
650 495 505 641 380
245 757 481 263 426
365 613 232 339 462
533 165 608 12 267
364 132 735 164 605
302 359 743 745 4
258 639 129 27 390
424 192 732 353 719
152 420 654 566 157
399 227 248 400 718
134 349 331 688 110
87 727 598 344 146
420 588 280 380 755
560 628 693 618 292
163 705 319 19 107
481 155 687 64 452
322 718 230 468 405
368 489 502 164 618
758 233 401 130 235
401 687 117 496 383
456 113 260 270 598
4 603 602 426 426
118 254 40 712 738
81 289 533 295 82
397 234 557 769 657
533 551 699 381 761
247 4 6 92 591
376 379 219 231 565
402 606 372 576 204
283 744 713 38 182
668 63 683 681 596
604 317 616 244 677
687 231 650 4 4
309 334 584 346 91
29 165 169 490 435
627 223 467 138 179
62 292 44 405 177
602 199 396 170 32
35 600 440 355 751
625 450 134 4 626
596 119 140 151 625
745 491 435 75 447
272 435 354 185 233
2 768 295 149 604
339 728 625 389 501
163 15 28 75 733
671 467 763 640 709
522 32 236 231 509
197 435 31 609 679
470 223 341 308 162
61 527 223 718 127
533 166 749 361 425
9 254 703 514 339
169 75 199 526 75
339 664 741 17 620
729 409 257 515 223
397 573 469 247 417
245 28 666 573 148
569 559 706 255 85
254 224 28 657 312
438 466 287 474 338
632 685 299 340 298
687 387 273 545 4
687 401 233 265 228
539 687 764 75 498
65 237 141 687 760
513 236 401 589 718
127 312 749 361 548
66 332 511 111 235
401 47 233 453 433
106 332 631 553 28
36 367 770 291 361
199 526 471 349 435
339 715 663 436 555
413 481 344 287 625
547 349 675 215 339
265 170 25 722 191
41 108 361 481 347
511 75 295 306 625
75 35 506 700 532
638 651 398 17 4
689 568 730 35 65
223 350 80 112 623
481 198 115 491 556
420 650 658 200 657
311 682 329 262 759
1 745 190 249 159
211 295 594 203 572
702 624 301 521 114
615 126 615 183 4
659 735 153 61 2
74 17 667 707 395
377 277 497 43 538
674 336 589 65 561
62 508 68 307 455
565 399 58 697 577
408 756 429 223 4
99 541 614 266 716
13 652 103 464 622
220 17 201 318 87
254 612 5 65 426
116 740 143 587 630
457 142 704 407 415
6 394 128 475 517
429 107 326 748 160
339 660 660 109 670
613 731 218 268 421
459 3 281 416 708
125 254 328 423 98
174 586 371 337 458
246 282 4 123 445
186 503 4 503 77
287 293 171 394 691
5 257 70 593 175
276 449 745 288 460
253 223 592 94 592
94 500 601 178 277
404 333 621 135 472
77 481 121 382 75
222 397 294 61 434
625 745 213 261 93
28 481 172 479 676
472 695 77 57 77
378 180 45 231 147
680 629 482 422 48
571 523 412 529 11
751 573 292 78 652
107 24 478 263 613
524 558 480 373 669
325 599 151 677 655
481 393 254 520 137
184 137 756 546 481
451 180 45 580 645
210 542 599 223 4
401 250 369 75 411
37 68 360 60 646
122 598 204 656 530
358 55 241 294 61
7 62 145 518 206
427 655 397 511 386
540 511 710 499 269
754 707 428 655 75
102 447 83 653 507
96 21 543 604 619
603 752 391 95 193
315 176 751 715 120
316 33 751 254 557
362 507 366 26 46
576 701 158 194 32
339 474 101 447 485
22 214 238 65 711
235 344 212 684 77
35 567 305 401 610
424 442 84 314 753
88 754 598 625 756
28 635 648 187 208
419 345 463 622 622
751 105 596 216 649
447 50 528 687 295
725 686 643 431 721
749 231 483 724 535
534 239 401 590 480
4 662 486 613 595
399 493 4 595 443
131 5 562 339 254
565 455 734 49 144
487 583 300 240 76
